#BVGraph properties
#Fri Nov 19 08:18:40 CET 2010
compratio=0.109
bitsforblocks=465918
residualarcs=340468
version=0
zetak=3
residualexpstats=57715,43717,39883,33521,31396,26461,21294,18250,15281,13604,10257,7505,5738,3469,3728,3606,1943,508
avgref=1.397
residualavggap=2074.762
avgbitsforoutdegrees=5.134
windowsize=7
bitsforintervals=378204
copiedarcs=2231000
avgbitsforblocks=4.659
bitsperlink=1.431
bitsforresiduals=2739392
bitsforreferences=267700
avgdist=1.677
successoravgloggap=1.751260525431793
avgbitsforreferences=2.677
successoravggap=472.018
maxrefcount=3
successorexpstats=2444486,178615,109014,59459,51670,40128,32480,28000,23397,21671,16100,12224,9973,6344,4868,4992,1965,3245
nodes=100000
compressionflags=
intervalisedarcs=479147
bitspernode=43.646
arcs=3050615
bitsforoutdegrees=513410
avgbitsforintervals=3.782
minintervallength=4
graphclass=it.unimi.dsi.webgraph.BVGraph
avgbitsforresiduals=27.394
residualavgloggap=4.932947205252926
