#BVGraph properties
#Fri Nov 19 08:18:48 CET 2010
compratio=0.100
bitsforblocks=481972
residualarcs=300322
version=0
zetak=3
residualexpstats=48684,36769,33796,29741,28372,24119,19450,16889,14104,12396,9347,6945,5225,3049,3432,3294,1797,177
avgref=25.384
residualavggap=1967.306
avgbitsforoutdegrees=5.134
windowsize=16
bitsforintervals=298668
copiedarcs=2424295
avgbitsforblocks=4.82
bitsperlink=1.312
bitsforresiduals=2456196
bitsforreferences=251334
avgdist=1.513
successoravgloggap=1.751260525431793
avgbitsforreferences=2.513
successoravggap=472.018
maxrefcount=2147483647
successorexpstats=2444486,178615,109014,59459,51670,40128,32480,28000,23397,21671,16100,12224,9973,6344,4868,4992,1965,3245
nodes=100000
compressionflags=
intervalisedarcs=325998
bitspernode=40.016
arcs=3050615
bitsforoutdegrees=513410
avgbitsforintervals=2.987
minintervallength=4
graphclass=it.unimi.dsi.webgraph.BVGraph
avgbitsforresiduals=24.562
residualavgloggap=5.033770128050193
