#BVGraph properties
#Thu Oct 28 15:15:36 CEST 2010
bitsforblocks=956588
residualarcs=464587
version=0
zetak=3
residualexpstats=72664,62455,45312,40238,39822,28075,22527,17776,14907,11607,12577,8899,11837,12933,16965,17951,17956,7952
avgref=2.113
residualavggap=10659.404
avgbitsforoutdegrees=8.482
windowsize=7
bitsforintervals=665413
copiedarcs=2267675
bitsperlink=2.406
avgbitsforblocks=9.566
bitsforresiduals=4497761
bitsforreferences=372737
avgdist=2.777
successoravgloggap=3.335154449238703
avgbitsforreferences=3.727
successoravggap=4609.037
maxrefcount=3
successorexpstats=1724570,378342,153666,105816,131460,60423,52903,33774,33996,25031,36807,24183,72789,65684,40086,45750,34205,30631
nodes=100000
compressionflags=
intervalisedarcs=318353
bitspernode=73.407
arcs=3050615
bitsforoutdegrees=848162
avgbitsforintervals=6.654
minintervallength=4
graphclass=it.unimi.dsi.webgraph.BVGraph
avgbitsforresiduals=44.978
residualavgloggap=6.149627185926482
